Ch: 1 -- 1, 2, 3, 5, 6, 8, 10, 11, 12, 14, 16, 19, 24, 25
Ch: 2 -- 3, 6, 8, 11, 13, 14, 15, 16, 17, 19, 22
Ch: 3 -- 2, 5, 8, 9, 10, 12, 14, 19, 21, 23
Ch: 4 -- 2, 7, 10, 11, 16, 18, 22, 24, 25
Ch: 5 -- 1, 3, 9, 12, 13, 17, 22, 23, 26
Ch: 6 -- 1, 4, 7, 9, 13, 16, 19, 21, 22, 25
Ch: 7 -- 1, 3, 4, 11, 15, 17, 18, 21, 23, 24
Ch: 8 -- 1, 4, 5, 10, 11, 12, 13, 14, 16, 17, 21, 22, 23, 24, 25
Ch: 9 -- 1, 2, 3, 5, 11, 12, 13, 14, 15, 16, 21, 22, 23, 24, 25
Ch: 10 -- 1, 2, 3, 5, 7, 8, 11, 12, 13, 14, 15, 21, 22, 24, 25
Ch: 11 -- 1, 2, 3, 7, 9, 10, 11, 12, 15, 19, 21, 22, 23, 24, 25